hidden1,relu:
[
[ 0,46175638140658170000 -0,17983837701559668000 -0,58457031738056590000 -0,33456588808097765000 0,93551181884824140000 -0,98776563546847740000 0,92740959404641530000 0,87973077756381970000 0,89438983532638770000 0,87416429779193930000 -0,20565131563058880000 -0,30496394159377950000 -0,41188593599192647000 0,01296725465247017300 -0,76806582393468450000 0,54107176015835550000 0,31978541738683997000 -0,68650621886030750000 -0,24359590935788944000 -0,72047463419249770000 0,38989595920498377000 0,61045554294742740000 -0,98994964801509490000 0,04627031157666606000 0,48796897247463320000 -0,71595459356814770000 -0,03654339684880403000 0,08910961778734738000 0,15420052274855300000 -0,59017290848287680000 0,24672762126333160000 -0,63058581944410270000 -0,97863117803554230000 -0,67791335325659550000 -0,64389030672565050000 0,08079412956759291000 0,94766801983740030000 -0,50914689283740880000 -0,21095818741155647000 -0,56479575018463040000 -0,13598624021292172000 -0,53368841049733320000 0,77981750331075420000 -0,92334621336144920000 0,18475848772587744000 0,31034720625883283000 -0,76032191539162080000 0,30495341379190630000 0,96864560133858980000 -0,58652498527898530000 -0,25070099941205970000 -0,07330042486104849000 -0,33277957765066060000 -0,11357509936546184000 0,00827113340914786800 0,99796162953585750000 0,26080972784570780000 0,81916807117804850000 0,01531983213989618300 -0,01709758887677481600 -0,14243164250759865000 -0,38381416958304040000 0,43464480324445387000 0,92482918546749280000 ]
]
hidden2,relu:
[
[ -0,58101453307287130000 -0,65470235817198950000 0,09790503386131122000 0,11093676417592313000 0,17563165780266687000 0,57838131567019160000 0,39801324486896106000 -0,59072889558862900000 -0,49018109740036864000 0,55583271903905570000 -0,54995522798324910000 0,96620636966740610000 0,60723721203085400000 0,67262989551265730000 -0,67379294522337060000 0,27499485971881277000 -0,98247916536253670000 0,26237977662304980000 -0,58404404191475500000 0,76071456981408470000 0,41408845210793044000 0,44674329243160504000 0,01898583934073849700 0,97420427619259970000 -0,69350753436747790000 0,42114955029666890000 0,64796175090631960000 -0,75265754299415160000 0,23390277349257982000 -0,03627528947880365000 -0,80049943734856740000 0,23429177972286364000 ]
[ -0,94375925409766560000 0,18287821190927622000 -0,85394795957231210000 -0,85190414545330850000 0,35987084038205010000 -0,43999676843466795000 0,20796737536713450000 0,69928161402855270000 -0,29235343445905080000 0,19726497654931419000 -0,41581317728749156000 0,75288530664896650000 0,48849924027210045000 -0,15353454226742125000 -0,24838358251388248000 -0,45741334965056835000 0,45964785787019900000 0,77348884474263160000 -0,91259460340635060000 -0,08459963385298020000 0,72489950952310100000 0,80384791148460220000 -0,87502308017444650000 0,52764097634932840000 -0,14459983716348290000 0,99836686158118740000 -0,87619639544274740000 0,17264126398586965000 0,13458614180741013000 0,32405192261075520000 0,81456238023638590000 -0,50702873739538190000 ]
[ -0,50302246582537480000 0,41371666950135744000 -0,32455814547205920000 0,21467015792151267000 -0,36915442708503420000 -0,95105574032951100000 -0,09798299476910088000 -0,26173136899734595000 -0,07232448068058140000 -0,64551457637409810000 0,35224630905073620000 0,43114496998271745000 0,48673924553053105000 0,85820522085506880000 0,17978705894087765000 0,28802457476710486000 -0,77902029316502920000 0,54920821891784750000 -0,38703442378932020000 0,76119733957863240000 0,26080288156998255000 0,85778742664910900000 -0,60662119817845080000 0,50929249052213340000 -0,68473877238472580000 -0,91564263209655210000 -0,24275424927878264000 0,57321849156361630000 0,42550433553218703000 -0,77945277698150140000 0,52426613947856240000 -0,93986232824220050000 ]
[ -0,36673704205461590000 0,33414670639259225000 -0,14711390518114210000 -0,19888567737380747000 0,48752309522700377000 -0,26938852443076480000 0,52750979814364500000 -0,35466161790893260000 0,02543764676480608800 -0,04264825558681129000 -0,73766237375011620000 -0,93640704602942140000 -0,11108677780932652000 0,38304242336296523000 0,43815137069360843000 0,55590054476041620000 -0,42379856790026804000 0,56270946725886220000 0,93250790136441890000 0,99304690302387710000 -0,52178712734505870000 -0,10963747653244882000 -0,73955614397674820000 -0,53105182498988720000 0,31216487797679890000 0,14445918501177846000 0,11193326222583289000 -0,49940748881023180000 0,84056238509626600000 0,44750241686446970000 0,55398193135870200000 -0,51544771448275850000 ]
[ -0,64859609099979450000 -0,11041198807748454000 0,65938244669839860000 0,20382927212011515000 0,27589379210940000000 -0,39326571048193704000 -0,86920595774226170000 0,87606100246516030000 -0,46716658534520294000 -0,54165728326449590000 -0,39204712487533855000 -0,25611897302693687000 0,71425408535840270000 0,61415273104832610000 -0,22254144849415747000 -0,46950707793809965000 -0,93525429319814710000 0,33957052696415690000 -0,85127724740377910000 0,21828216286736590000 -0,64267528117965940000 -0,94073357720530000000 0,41630765588108810000 -0,44444345058469303000 -0,76842311444774780000 0,38245186500058570000 -0,30197855218120860000 -0,54372899548106160000 -0,66480000800088070000 0,18926226597422890000 0,61977965796771970000 0,02985828169711513000 ]
[ -0,30203722455688830000 -0,89381307148822380000 0,21238040840673310000 0,36305292432175820000 0,16748663441193280000 -0,26049500140050610000 0,89198406195075640000 0,37286116656014580000 -0,55085225957769150000 -0,11080113051030072000 0,41522708850908274000 -0,94040456463507690000 0,31778724792693170000 -0,36816497055323240000 0,63154048290282370000 -0,68884272973015140000 -0,09319152829934141000 -0,36058366622658444000 0,09938505757310678000 0,04451849300256239000 -0,36936996743727390000 0,39222576450162183000 -0,81024518968457590000 0,91761611003179480000 -0,74064482219234830000 -0,95280276375785600000 -0,83055835143968480000 -0,89535843088616840000 -0,06009280099141478500 0,63936477839900110000 0,93819449455436010000 -0,30002862597126590000 ]
[ -0,45422711814187510000 -0,97754294496200700000 0,58804668694999250000 -0,79924926042914720000 0,63788480640033260000 0,49571961454667535000 -0,24027382652589435000 -0,78459127362446730000 0,53206553848783540000 -0,58243676310474110000 0,89020418038582360000 -0,94485221881449810000 0,49384635410499510000 0,27265177668754470000 0,87707722474877330000 -0,81228294538395110000 0,91936449827358310000 0,63755922045241250000 -0,57038013044926220000 0,66754420572852120000 -0,48856741707286090000 0,28114096218840445000 0,43298456546260390000 0,60356576325517540000 -0,07723458209616907000 -0,76072037507980700000 0,02116665423600383500 0,48586242100695400000 -0,88625990238798090000 0,11968219083981557000 -0,26400725354637866000 0,76447039644429630000 ]
[ 0,75995441375857900000 -0,87908023174478030000 -0,85646895149056410000 -0,54149348554029530000 -0,55475854022643700000 0,29091822218139660000 -0,41403600759887380000 0,77100935722615630000 0,08868715483308742000 0,40362185197409084000 -0,63389760417331780000 -0,30533448019052380000 -0,92041124782528770000 -0,50143006996166210000 0,59336260767970300000 0,41585420017249497000 -0,06781689172548710000 0,60663988897260630000 -0,83583198710838210000 -0,04078885930975695000 0,92236369562181820000 -0,52377301742002280000 -0,09362361593075197000 -0,03782443553414039000 -0,86850322917908770000 -0,78235320073014610000 0,78647657425509830000 0,72875286629432210000 0,59783630449944660000 -0,30043878653582910000 -0,74006273356907500000 0,78398792461352680000 ]
[ -0,13607033596640240000 -0,74025492051045850000 0,33923187827797374000 0,03541276588258202000 0,10879520691077893000 0,83352573273287730000 -0,23929583424170620000 -0,65500481885853130000 -0,73345565453299040000 -0,04325572271678046500 0,75057994719755450000 -0,17511741572253237000 0,05851133232789984500 0,26610137326114214000 -0,67793001800157840000 -0,50750031268900160000 0,70384363252181250000 -0,90173229531210190000 0,77965173603387350000 -0,94467473873039110000 0,22389816722296274000 -0,41984607624374390000 -0,83674440805822360000 0,54293731535132420000 -0,28132271049682855000 0,20625050403561307000 -0,26577579064015633000 0,26368413780762200000 0,76893071371819950000 0,31496408683598087000 0,28655323710473570000 -0,86439894605748320000 ]
[ 0,20543900210088784000 0,10439199214576789000 0,06106168814262758000 0,82596162917516320000 0,88738577058048060000 0,86899261480481370000 -0,65321785859067960000 -0,66888469169155960000 0,84461557688897050000 0,99212456033057350000 0,47300071741863303000 0,63803007668187980000 0,16396586531348323000 -0,10455643996500963000 -0,17298223459613470000 -0,06877578578197374000 0,33775126456711970000 -0,37533840599158010000 0,77684037191061520000 0,44353734783386220000 0,44286965038827320000 0,04218769023983593000 0,93465897224186660000 0,49645519848127484000 0,48188981509396120000 0,70068706198453130000 0,06610090762259224000 -0,46453011839092007000 0,49287107746419690000 0,38760875222643220000 -0,86810621799417500000 0,03822173798830253000 ]
[ 0,62255634387063700000 0,05924937330418878000 0,44271295964311630000 0,05793522726276468000 0,25796973050721170000 0,42393533476978360000 -0,28537250214499600000 0,86192659458130170000 -0,47565821896263705000 -0,21257848901206233000 0,93169985146589940000 -0,36527315220597223000 -0,01732508522038522800 0,93962028403854810000 0,35393508757797476000 0,53762877745315140000 -0,80184746561546880000 -0,15970961671922290000 0,75291582700594660000 0,55123360902770550000 0,00098643395126396530 -0,34766953308199410000 -0,98589951355821670000 -0,52516367007358240000 -0,27581265182058545000 -0,72516201712996730000 -0,38609801914135010000 0,21625679994852565000 -0,52186640567619300000 -0,05589019576419551600 -0,83869459472681560000 0,07798773037047702000 ]
[ 0,60970465896230900000 0,69927641553539630000 -0,81207648245613600000 0,13029646449166000000 0,89413591976097200000 -0,44972289736254780000 -0,32297012246989687000 -0,04081583197671756500 0,72064205808414500000 0,03939952279628977600 0,44124938512551726000 -0,91312991585815500000 -0,44175268996846273000 0,55362203925077690000 -0,60977264718381230000 0,18473540896969710000 -0,67384909128034190000 0,22351377096764224000 -0,02626168371986925500 0,83342627071365330000 -0,05665303775474428400 0,53546158784553800000 0,64233679411403140000 0,03208146833942638000 -0,70489109568011530000 -0,11248933074675826000 -0,96320742447545960000 0,91841530167103720000 -0,87066140562674280000 -0,76488099616896690000 0,79919385603302960000 0,23365290828460950000 ]
[ -0,01632809739546181600 0,70164325517730150000 -0,60725764210857340000 -0,04892047011224187600 0,14462127563204530000 -0,43061161304521710000 -0,87609560889100880000 -0,81576794769409640000 -0,14707094114558816000 -0,57943092610382820000 0,67972379179184080000 -0,99947391864789070000 0,49469374544931630000 0,36354698374862270000 0,92474201872476660000 -0,91162231783261950000 -0,64427745209912570000 -0,74177734837316420000 0,44611201613837250000 -0,63935573823006500000 -0,33304448911044160000 0,64547796546321900000 -0,60786710061912100000 -0,47552435792047776000 -0,86830512960751280000 -0,31092101923671067000 0,51857295502040100000 -0,59256989952948060000 -0,09923385767834181000 -0,14553411175917796000 0,03878964260051876000 0,40197816971037190000 ]
[ -0,95037367086316890000 0,27737171727201826000 -0,13220481450072730000 -0,22471932391323746000 -0,98817365967146080000 0,81622764577308370000 -0,84294264291256280000 0,78839385716348960000 0,13612503034764178000 0,63582759303650960000 0,63596568572761440000 0,57882066731537710000 0,55994253636776610000 0,83574122550187370000 0,20753402474083948000 0,58259131480250640000 -0,07026813851511182000 -0,88452013542649690000 0,49005060564088930000 0,90682372852504270000 -0,85076221938073120000 0,75943470608089790000 0,55302780481446030000 0,51097872418298840000 0,29950293462834600000 -0,67187616438947800000 0,96494447489637540000 -0,68520914960381200000 -0,85012841150003830000 0,35829841810365926000 -0,54808638626330540000 0,42312192083773237000 ]
[ -0,73286771020099200000 0,10297591894171720000 -0,03944995170988741000 0,54274867788936420000 -0,36966902225923626000 0,88348197565866720000 0,72495189980335400000 0,36336341669362080000 0,87167697463985250000 0,97909967738291990000 -0,94314846722524730000 0,18482999042936932000 0,78935508438373160000 0,14593968186272144000 0,00963161553321234500 -0,60499501203500340000 -0,38405298825174940000 -0,16483916921641995000 0,81104290457053210000 -0,46280123474088340000 -0,32344341202738260000 -0,02831402877030653200 -0,98389985701486140000 -0,34638395541341070000 0,53362348765861880000 -0,24192615064738665000 -0,29922503053686356000 -0,64911718138804590000 -0,50919863428091890000 0,38422360226408880000 -0,30125730363237910000 -0,39396939925394836000 ]
[ 0,41616585915729030000 0,75210273120344980000 0,87758297908881010000 -0,28392437390743710000 -0,75459020036703620000 -0,63429244046216590000 -0,24252641528954855000 0,99159531589887440000 0,23857250068975144000 0,38997815224162835000 -0,60544298911216510000 -0,19552901253261035000 -0,91075835186282440000 -0,45159332171499855000 -0,61719821557642950000 0,42223078507581024000 -0,67694415813804310000 0,00759419724783994000 -0,92768151085133720000 -0,30380796705337954000 -0,92727258558271950000 -0,31197474958166580000 -0,34126621434187476000 -0,88213087098914070000 0,27969535883664840000 -0,45615386987713190000 0,66736462269015240000 -0,98212264300986480000 -0,35209156404928010000 -0,72955192958507960000 -0,46242453805983750000 0,75382954135930570000 ]
[ 0,26313037957400230000 0,62717257606009640000 -0,49315638493645064000 -0,38151265865862350000 0,69154804632047110000 -0,89652949057737020000 0,80069591209085630000 -0,10330448591388719000 0,58435550478153250000 0,01036439317590320800 -0,74617705563769850000 0,00939227612983995000 0,34037685332194423000 -0,75492362431991800000 0,91931599247916340000 0,00525484695119926600 -0,78331890373910820000 -0,04479766023508902000 0,96711340460858050000 -0,20469470395736655000 -0,57246588806111220000 0,11982629699117098000 0,22938346044068103000 0,47306614727074690000 -0,76507864860556230000 0,66848651506498210000 -0,88028883889888590000 0,82262279838825770000 -0,19073198732031327000 -0,82508110839140140000 0,33459767042602670000 0,68921347722402240000 ]
[ 0,72687210253481970000 0,39102005222796230000 0,73992073521061720000 0,27173424246596790000 -0,62904294243507870000 -0,07251264104068822000 -0,84835379435149400000 -0,40618784546971076000 0,21614170940664180000 -0,75889089739208980000 0,33922070907143187000 -0,58013563040710280000 -0,99848464084127420000 0,75469368206048860000 0,51171580564910050000 -0,29517193588013013000 0,13539648292888230000 -0,58585791819887210000 -0,20906426379208410000 0,30101014553365313000 -0,67475559253614730000 -0,72181640540038730000 0,73234031527525260000 -0,90722730313761210000 -0,61091606593868190000 0,83981061888108680000 0,82377600779426200000 0,98953479413231670000 -0,51980682850250130000 0,69446389357967080000 -0,92635191000271560000 -0,72016296706452660000 ]
[ 0,54469586722892150000 -0,10146558069665712000 0,29430801390602300000 0,73398177523451610000 0,73208992973398620000 0,90276565283436440000 -0,50692896828403810000 -0,45997403564368120000 -0,30836573079923113000 -0,70134714454743420000 0,90241797297944660000 0,66767076277512330000 0,21290762172555655000 -0,21804530520304577000 -0,38742149045109200000 0,57685662757911030000 -0,49325803172605176000 -0,28405457919903320000 0,51383115788928380000 0,32263858042737015000 0,57312568295368480000 0,46805300993807710000 -0,68750224139590910000 -0,94481758481347610000 0,56556088052855280000 0,29704426398160444000 -0,24625047995870175000 0,67348710598545080000 -0,16324953185343505000 0,98393252595963920000 -0,13401615268468570000 0,96370560544464000000 ]
[ 0,43838072697507770000 -0,37169955299246340000 0,03566969250073004400 0,93770108697524760000 0,24815712080704388000 -0,92725530735729310000 -0,97179816547193790000 0,28474095989475390000 0,61013944393606350000 -0,72833328819338260000 0,68944423548893500000 0,85899819158962830000 -0,60018481209825070000 -0,41335267086001880000 -0,00571735771130255100 -0,05220732359153346000 -0,23676056291799608000 0,46915984471554517000 0,35264872681009574000 0,70027365629766590000 -0,57003959467798570000 0,28239239332587673000 0,64011674074032480000 0,54350742040856590000 0,46234091636452157000 -0,88253602230967170000 0,28931680058100650000 -0,32729783285138114000 0,57927553421263030000 0,37533646272149390000 -0,03995355907857889000 0,77456586638556790000 ]
[ 0,78019549369135020000 0,61423870563831380000 -0,19989406945907695000 0,02755973845136927600 -0,10435781795928478000 0,70343614119487040000 -0,88447933164687780000 0,12007521909268593000 0,90358218955696450000 0,67769304570455980000 0,38795652325047403000 0,53732746589093770000 0,37602665241349500000 0,85279201379663160000 -0,99122613742253910000 0,69002501243864490000 -0,74159146126492810000 0,74098934143511990000 -0,15669373190956049000 -0,40736000773141810000 0,33456198103471000000 -0,90369766424870220000 0,79559175794535290000 -0,25363085280056820000 -0,80696089484041630000 -0,97696208586740200000 -0,08707687106674022000 0,64164176992114790000 -0,71411126012755610000 -0,50300999654143390000 0,25122692761300547000 0,86729630165562430000 ]
[ -0,24108559097533488000 0,87724651962305920000 -0,28358123951469660000 -0,80168772582502830000 -0,86718280093823940000 -0,97243542532988970000 -0,59647424173921970000 0,23125118453806848000 0,62752181627125590000 0,51978590448797560000 -0,42549499598413854000 -0,85367607755774810000 -0,05262685450711268600 0,05778230455092803000 -0,65266983037314370000 0,99726955415009220000 -0,31721793595707880000 0,73893476002107010000 0,41305630345334230000 0,56499464307673410000 0,13429023073038815000 0,06116657573839035000 0,65421617850340130000 -0,74181107829393840000 0,32791286797029273000 -0,31293375286775005000 0,40703996640773443000 -0,19610235839743062000 -0,73398913590799400000 0,89265104835809050000 0,29163183152605443000 -0,45670206273972890000 ]
[ 0,04583279312864063600 0,35683848148765860000 -0,97162251637116050000 -0,96730925943313270000 0,37825856823610193000 0,48870810182474345000 0,46549706834042360000 0,34698659978339250000 0,25216762428938044000 0,84315164384635580000 -0,83820139205807040000 0,99272833236812000000 -0,98475608260550600000 0,34152547553251544000 -0,69967203502940340000 0,65996009604538130000 -0,02007819363755536400 -0,00756555239063505500 0,45275139126916697000 -0,82298246845052380000 0,81356699050079010000 0,59879280109453160000 -0,22905197671850330000 0,97957854397251290000 0,43487729495845340000 -0,45917816121994680000 -0,44856983609949940000 0,16508205764736217000 -0,08612140653853495000 -0,85933857502574520000 -0,20015123735501360000 0,77588501300377200000 ]
[ -0,03921735871264653000 0,34278694347364325000 -0,58301559869735580000 -0,66070446060744410000 0,98936254206984550000 -0,51456089013964390000 0,93426205618413170000 0,88988503588742710000 -0,54660557219495680000 0,79178983852940380000 0,34597059674029484000 -0,29075280979107500000 0,18010201976947648000 0,87558311793590170000 -0,48299256371899113000 -0,15936104373711290000 0,76243386392348980000 0,03450504277622279400 -0,11089010871689897000 0,07070200774293078000 0,72239186963335310000 0,39555321968998960000 0,76517557492608710000 -0,48226915199068454000 -0,87947911828672650000 -0,91980908454727660000 -0,67958628641700320000 -0,77428153772972700000 -0,43793976290315160000 -0,52691230071101300000 0,67071180434449860000 0,23567545501422660000 ]
[ -0,86185174220799340000 -0,59323712576621460000 0,82274034490817630000 -0,50951415838606540000 -0,25913900932285540000 -0,38453522067598620000 -0,86303880359838160000 -0,37317366399942500000 0,40375832484497630000 -0,83486639553652850000 0,05384425948697613000 -0,78255642332992490000 -0,15500006511435416000 0,73231192500421290000 0,26523815725242760000 0,34934739322246466000 -0,77201536494131440000 -0,41661802166887374000 -0,74301835261373820000 0,55824571355382570000 0,30485774758346060000 -0,10347486231193370000 0,20548290510327450000 0,08681056733663062000 -0,42887878658054880000 0,67231369167787340000 0,58013365705319540000 -0,80586781409081440000 0,83497138938773170000 0,89486172600242300000 -0,51493246576923490000 -0,18401831645527245000 ]
[ 0,69288189726817900000 -0,16602366445191885000 -0,23208954817939986000 -0,73972975288983260000 -0,19666327633619640000 -0,58023221472701430000 -0,77018633940263270000 0,81935754423796640000 -0,43648779365161783000 -0,52530959484426480000 0,89019852647562890000 -0,80937235860841630000 0,81909518249577510000 -0,74599599237362660000 -0,80871515605321840000 -0,58098349344113490000 0,57531607582579230000 0,22416002136274193000 -0,72838650097655560000 0,70994097794475190000 0,32766648701352840000 -0,70036833556488550000 -0,00558438219411305800 0,90834464173386340000 -0,40633961174505884000 0,86222500144954520000 0,28582128568161380000 -0,30065900867536310000 0,50239039157922940000 -0,19707879372604564000 0,51954021796818920000 0,65820101099258870000 ]
[ -0,11348067595331357000 0,55481705589728160000 0,17878971032415003000 0,16219757105842470000 0,22173947511255787000 0,62674676747146930000 -0,16711714421326240000 0,87408342477061910000 -0,02837851868678553700 -0,49931752188124000000 -0,41496646908328616000 -0,98325260880854490000 -0,57883403604118210000 0,92202793264060020000 -0,42042709002649550000 -0,01914233133142495500 -0,07973826005898998000 0,59043408895632110000 0,90091485965609850000 -0,05793430354283835000 0,60864450527106120000 0,04978227578951921500 -0,74675351909816070000 0,11161312748630747000 -0,84315904512121740000 -0,82050515241264680000 -0,82093805554564870000 -0,99605440265240850000 -0,16702584156756228000 0,10535052113475896000 -0,74370221458288350000 0,67720655400863070000 ]
[ -0,70680444220103930000 0,57649527970790810000 0,70796848219574970000 -0,71275269006034140000 -0,10609867022519226000 0,89635716566576700000 -0,83515776151645090000 0,49305680955324704000 0,03677960077678177000 -0,65131225441719700000 -0,05916364309882027000 0,26127915793410295000 -0,91687327559526350000 0,72596890432113260000 -0,88754591127532790000 -0,56024682767650670000 0,71176199169784550000 -0,95406019685921990000 -0,06227642910321607000 0,10477362212849806000 -0,75474158707806650000 0,83301347430822940000 0,70674085651681900000 -0,86596039155711520000 0,43210126132305904000 -0,55513095204682170000 -0,01493924614025887700 -0,28297937268969210000 -0,55222634529241390000 -0,15947890448624813000 0,39281718837336130000 0,58673758681292540000 ]
[ 0,46566035840210374000 0,91468208760604220000 0,55659836056475930000 -0,35827970619110870000 0,04905233552686772000 -0,93574829531782800000 0,67774068920341430000 -0,67583030143929320000 0,82842370845622320000 0,00628019621689501800 0,27984652659382747000 -0,36988180694135897000 0,45354396076849280000 0,03276978778056527400 -0,87002787733463820000 0,94964700494447630000 -0,35212014781467404000 0,86619402348403770000 0,07207122765240648000 -0,93001471029132370000 0,34313062993192920000 0,07062933767457990000 -0,43207735449296614000 0,62158191254769400000 0,33463122856795380000 -0,42309005127691600000 0,10990819021397091000 -0,99299518013027140000 0,67374958771402920000 0,29623218694663267000 0,35165024259546973000 0,42479028939130850000 ]
[ 0,10129389706846115000 -0,97484970963417680000 -0,20334247141617556000 0,98512931621376200000 -0,77366378731623730000 0,88592112539401540000 -0,80823171815215900000 -0,88845643718767820000 -0,13224967135811516000 0,39967060212604877000 -0,60867826670416920000 0,43246956758097643000 0,00115147103049295650 0,95587145436935120000 0,38962819185369524000 -0,81106472730240300000 0,09181667414286121000 -0,07986437444248562000 0,46344913656680320000 0,81927847048998740000 0,24455509870582870000 0,91334237259991860000 0,92283958373144650000 0,82912286562446020000 -0,43561219625816230000 -0,10136303370411803000 0,83784552442567200000 -0,68540803746281420000 -0,60271195229382800000 -0,37114849707842223000 0,29018911965469507000 0,57900838393318630000 ]
[ 0,70812249453041680000 -0,26458502731934220000 0,19321657258513847000 -0,83191019863402180000 0,75332595155431650000 -0,71916537488393060000 -0,46997808847269630000 -0,65408001732766730000 -0,58126899806336540000 0,95034724329904720000 0,97880337334158460000 0,54373845369771350000 -0,88163355462736060000 -0,77564644824160540000 -0,67385314344906130000 0,63585693006420810000 -0,01207244395521578400 0,85176598882798630000 -0,18692640353950640000 0,03177884320383750300 0,25701273635617450000 0,73541380993168710000 -0,38467088798128546000 0,52086057577440650000 0,14711089760909780000 -0,05583277394075714000 -0,97146931455639950000 -0,43437861437614590000 0,41771606632301017000 0,98245576607086860000 -0,38956794514818904000 -0,68792622128007850000 ]
[ -0,22916587174280756000 0,67637398478036450000 0,52670409407103100000 -0,02978964044594323300 0,72453935784217530000 -0,92341924751563200000 -0,34672898075813663000 -0,58494852758513740000 -0,72087230997282430000 -0,36828377772570065000 0,60738232386471000000 0,86842092048012050000 -0,27519526968006214000 -0,44792495694635190000 0,81124138143341580000 0,34388445725693930000 0,27773721067030820000 -0,23821035898836795000 0,93615178226745920000 -0,82794929782960680000 -0,11831277775183491000 -0,87120555634611320000 0,63178386615452300000 0,37069938087579923000 -0,52466132614254810000 -0,23464382119593340000 -0,68569622647296490000 0,88396864245071600000 0,30081730168754040000 -0,89202859397760890000 -0,03125117583407366000 0,78709707045218670000 ]
[ -0,58320602307545170000 0,21394876932444573000 0,41517220994584747000 -0,56201650098174260000 0,47995484391599110000 0,25300771374015785000 0,29472284717520900000 -0,74590816459769500000 0,07150878395239113000 0,52574250151201410000 -0,84903568921787250000 0,30299458800706370000 0,37079669637913115000 -0,49318506782477534000 -0,58662042610551900000 -0,78288566352997830000 -0,18404460591077143000 -0,61074497091204830000 -0,16585275100768726000 0,07798734507325800000 0,54198052477422690000 0,39726523891954570000 -0,01408264686657223500 0,86264041610388320000 0,84942344188229350000 -0,26156171580592225000 0,79745275978068400000 0,80443607779981900000 0,73234761174745970000 -0,51768486050757610000 -0,21435347332289600000 -0,40699164794887530000 ]
[ 0,58206032996293340000 -0,11927513207960572000 0,63656229861698610000 0,72267619626448560000 -0,41647310029536033000 -0,31363565788447390000 -0,90521149389801600000 0,49598703335377280000 -0,96573568484043750000 0,87959026276354010000 0,73953582067051360000 -0,80119074085380080000 0,84090263629075610000 -0,12058718212684649000 -0,84245078743543990000 -0,21434219619890870000 0,78649258051678440000 0,79319496993871710000 -0,73295437806801790000 0,04870206423117951000 -0,18797141540922113000 0,55057791773144290000 0,10352954545431592000 0,69117209949443010000 0,51854705038213570000 0,87066764208135660000 0,24747892491927548000 -0,01435656638156324000 0,37155075427573880000 -0,07246547197331288000 -0,74446483417669730000 -0,23005232971778100000 ]
[ -0,32260012129255333000 -0,69240750530277520000 -0,04902939546509377000 -0,58177949636890140000 -0,69829822034072530000 -0,60655961078380940000 -0,76415166501004330000 0,12186567563393780000 0,31262188926690726000 0,66226351230986390000 -0,79357051634846390000 -0,67502262002818790000 -0,74257141203570480000 -0,44709054480628010000 -0,21497609948571506000 0,48103140000731750000 0,61847573402606780000 -0,46573265314391700000 0,82562014533636320000 0,43241840026227660000 0,14521685629396640000 0,79859552227109300000 -0,29272739792426640000 -0,33833919622819875000 -0,77826335396749610000 -0,39304160714612757000 -0,20163724748243683000 -0,57708135901225590000 -0,79532605468984020000 0,72994878161054970000 -0,14350670228745344000 0,33465569944600240000 ]
[ -0,24569644855981965000 -0,34461261444951297000 0,42291379057907097000 -0,60089577608906470000 0,58193313756132010000 -0,72429258009868010000 0,57701762568063940000 0,61142963520173740000 -0,25033781975813874000 0,62124684266230230000 -0,96441005943517300000 0,33126486526110520000 -0,31605810335699400000 0,87168756281496140000 -0,48687146152198270000 0,41154764792140197000 0,40226367047850030000 0,35639575389663625000 -0,49630264227115740000 -0,28563903055702800000 0,10269612576687592000 -0,45456677590311245000 0,20141632860089498000 0,09074165483688135000 0,22888035020344333000 -0,86347427871995610000 -0,85417067692856930000 0,16118817250723771000 -0,60151651535191730000 -0,74071078789805170000 0,36003356767638417000 -0,69413554767833200000 ]
[ 0,17100214726688990000 -0,45346888160394250000 -0,75640529348927240000 -0,84173852678536120000 0,53119760917639550000 0,36345926757909820000 -0,71108785359576830000 0,59334476141663300000 0,17733458104155297000 0,83914599309751850000 0,80883924075437760000 0,71098157381319750000 0,22878672491468666000 -0,48938771979512086000 0,29500492473724350000 0,63770564791119090000 -0,19453712606027350000 0,36841005827905440000 0,77042265546811200000 -0,89535391009875020000 0,08189785814017347000 0,88359875336262880000 0,55661397273881690000 0,70670883106611160000 -0,11825723568632873000 -0,80047384745185620000 0,24461407313744643000 -0,49213203162613905000 0,65378038879179010000 -0,91216003766420960000 -0,65913165631910560000 0,22968778994500494000 ]
[ 0,75848176882798480000 -0,50332796307904080000 -0,94683219275160040000 0,64496334069152670000 -0,60548944862956410000 0,55995276517377170000 -0,01158605903395426600 -0,00436851891384337800 -0,79252719790078640000 -0,20967143334527183000 -0,84685748447358340000 -0,73612802996735960000 -0,35140010200143010000 0,84417190045112830000 -0,42062251833616140000 -0,05241828940781024000 0,48894320133679670000 0,72568705963931520000 0,14252610217914040000 0,62617238545817090000 0,54505003004048120000 -0,41186689629245565000 0,69466763978584360000 -0,95009341468315920000 0,63498060184460090000 0,39369836239576395000 0,50572838310906490000 -0,25424619633241410000 0,05891612075138197000 -0,39042140633267763000 0,18667550619988750000 -0,79498785254682950000 ]
[ 0,48649964989029360000 0,84632564534295880000 0,76300493622182900000 0,60270855570104050000 0,03344143104852248500 0,88554824512469720000 0,37343680755796616000 -0,30394468244292770000 -0,47718943333186337000 -0,10243554343973349000 -0,81212619193051960000 -0,94099405802487520000 0,45182630944795930000 0,81561837212271220000 0,57031887050462200000 -0,86777997320701840000 0,02285317733341885000 0,81179118653880810000 -0,74341223120242760000 -0,29748872228932144000 0,74769273087075570000 0,61075118499223580000 -0,62670574800044540000 0,37311949952287570000 0,59715844701423390000 0,98100363706199390000 0,49372517244340730000 -0,65408788987758810000 0,44330796967037920000 0,15931671076840415000 0,60786385810849270000 0,40888702896146390000 ]
[ 0,62959972216850550000 -0,80748469135603180000 0,87796099696720710000 0,40711410283013170000 -0,09537021221157915000 0,22185031505687180000 0,35769193403210140000 -0,32748234432430380000 -0,33200292480236370000 -0,41133339207172150000 -0,52791865541906160000 -0,10233093940035731000 0,50223475153596150000 -0,69389189339451970000 0,98701549440720450000 -0,23897689344735330000 0,30263595230688334000 0,92011502160909160000 0,44130361750650526000 0,24579781339053253000 -0,03280634766804291000 -0,92601757611943250000 0,57089077036519330000 -0,95803668701526390000 -0,42823583672623355000 0,19426678772501370000 0,12396456194326944000 0,68057044772007310000 -0,76904493624931860000 0,63184056407204010000 0,64733889965519810000 0,12191580791390577000 ]
[ 0,43312824920183934000 0,32041296025402666000 -0,68136066585023400000 0,40380572515194024000 -0,46169954113336240000 0,55584843228578750000 -0,29454639977033790000 -0,34655372421978090000 -0,65938716521254340000 -0,14686833229729812000 -0,54824647190016320000 -0,72374649787767530000 -0,87756672374536040000 0,00384240545801461940 0,32353330691963844000 -0,54285726779175760000 0,46504473133376334000 -0,56448013605044610000 -0,21024902410866209000 0,24462129055756510000 -0,76873617618612270000 0,76531140167445420000 0,37130013906841540000 0,43527560909888010000 -0,40177527351271247000 0,04381647634382113000 -0,64012051611493660000 0,23600819235058790000 -0,20604656304621294000 0,60105168946981370000 -0,80973162753411110000 -0,74635385254579490000 ]
[ -0,72075068133031930000 0,63497957876728540000 -0,25634237132357220000 0,74630870315595250000 -0,48322038360223574000 0,72405736656357680000 0,16632476855112932000 0,26818601435289890000 -0,81781477212813970000 -0,70121950696178080000 -0,59291568605844810000 -0,15085140960933585000 -0,30261484018880380000 0,77320822304364540000 -0,39141672968721863000 -0,32712973671822640000 0,30415853845174534000 0,51597656719655570000 0,73165416755680850000 -0,14808440577970440000 -0,45352667456577110000 -0,86868161961005860000 0,34857670097681170000 -0,65449384809036130000 -0,00707826226348662300 -0,37587409342159270000 -0,58975864079801420000 -0,67455279887893770000 -0,69398770475451130000 0,93910764486686920000 0,97384790040543680000 0,36796078587517720000 ]
[ -0,64703933001665480000 0,09260597013179539000 0,37191335322419960000 0,73393834310551780000 -0,04698993313365873400 0,65665811731057260000 0,11000268197700347000 0,69738946192515550000 -0,93079603085499340000 -0,29160106464731017000 0,89973883100160350000 -0,60836868309399920000 0,77792415931899830000 0,52391872799678780000 -0,33471291042585927000 -0,03497260414742387000 0,18739763074416804000 0,27420605721760793000 0,10565029920622693000 -0,02714989434874981500 0,62676674030740930000 0,77182010450476830000 -0,54824799199779470000 0,87910785596050570000 0,89020706278539110000 -0,07954635863019655000 0,42642557350150990000 -0,69805763409421310000 -0,90403090180174430000 -0,06443757363807157000 0,09706669749451091000 -0,79153181949287040000 ]
[ 0,80810914189823270000 -0,36724674073334795000 -0,69515046675762560000 0,64969086027613580000 0,46906706474878310000 0,12163830185564994000 -0,33895553046086535000 0,82340743001466810000 0,90413695736710390000 0,09637830400461911000 -0,27988078087369340000 -0,73724283368019020000 -0,31572950780507925000 0,58015396154682830000 -0,12905722496163485000 0,77035689957796150000 -0,52846054368305180000 -0,54068017254619400000 0,73155457833412910000 -0,64727967887036250000 0,12197879307778359000 -0,56598968786671340000 0,38960028128565960000 -0,14307289205509033000 -0,71658149120239510000 -0,88451598926180620000 -0,30032271164099544000 -0,72872767664147430000 -0,49869448768845404000 -0,08349281009888831000 0,03047301505607169500 0,72389289083592700000 ]
[ -0,56659348499324900000 -0,89040637245169950000 0,34872012797511887000 0,09813355438858795000 0,67467380576033720000 -0,03106709124498796500 0,33363287845192160000 -0,11932036587069117000 -0,09355416340208511000 -0,73464392416021430000 -0,66536991349618900000 -0,63174943804962250000 0,60954616735617860000 0,54970147349026940000 -0,58320960871774850000 0,68091300453657170000 -0,58126612533197510000 0,63846076953839260000 0,48262629402060453000 0,16483835892531706000 -0,65364985508484330000 0,50660034305892720000 0,51540408744932330000 0,71459475145866480000 -0,43410461070462625000 0,39596776545018850000 0,35837690243406440000 0,30482996375912830000 -0,77833707525213970000 0,36371098038233973000 0,12593992413798882000 -0,40653346468423800000 ]
[ 0,81844485504234240000 -0,27634924027580320000 -0,66314401482122980000 0,84329591636464300000 -0,85428280422647320000 -0,12543517985701770000 -0,83365819492216310000 -0,39387455617369780000 0,40360147547387926000 0,86285655258380370000 0,83294412351733470000 -0,37660444283135930000 -0,77670916949278100000 0,69309681660184140000 -0,93222263356450560000 0,21945221275482862000 0,61251918917008960000 -0,12155625685500082000 -0,14216579087024428000 0,09842353333799148000 -0,49295716166703920000 0,01395981382189259700 -0,78827991809649810000 -0,09708375526202873000 0,57199412637115370000 0,25936285734596676000 0,56530590746761230000 0,15251321553162490000 -0,82764191627132930000 -0,46623877020826420000 0,62643089676998430000 -0,74768184041394000000 ]
[ -0,98028762972643160000 0,95344071550956370000 0,95193023704558530000 0,14655993787063792000 0,90276338876859290000 0,58478555014963040000 -0,64309807724950250000 -0,11046571740590294000 0,12209978176136094000 0,93793137667365590000 -0,62473224614870060000 -0,08407352537004220000 -0,22502277055299658000 0,79276443592638700000 -0,57767538639527620000 0,11482384896306308000 0,87383738234119330000 0,92739603407717810000 0,05412216857499619000 0,94649317460555940000 0,43265595807327670000 0,11025724065278508000 -0,22485559802356070000 0,78826269011534820000 -0,88189599063847160000 -0,67952516031319000000 -0,78508784431686540000 0,45561544978271120000 0,83789865697395860000 0,57720432239525480000 0,17576539467115593000 -0,58313500043084690000 ]
[ -0,27339108127909073000 -0,01288760859778759200 0,04822397179897386400 0,60455084554415400000 -0,61042663796315930000 0,66021578215272350000 -0,60303365314936120000 0,92395651202197640000 0,97847722633725210000 -0,00219976664625987100 -0,86039308774266290000 0,56891852315414180000 0,69752689544312820000 -0,47784197092047576000 -0,32790838333316240000 0,07736070820918983000 -0,32294989637600735000 -0,10360170335432706000 -0,46132510615113700000 -0,30624690136481990000 -0,19825861115059462000 -0,92639927053854040000 -0,19892148547048127000 -0,94703872512030230000 0,04366260334381744000 -0,38190227801194940000 0,13057584989423420000 0,45971633932564760000 -0,87450096398908440000 0,15768649520643830000 -0,17161544518495186000 0,11020307320460399000 ]
[ -0,07253829836192449000 -0,34591183123811886000 -0,52610817666765560000 0,48702778306662920000 0,95161864784617880000 -0,28001396731045180000 0,70687627753034920000 -0,14390615341691038000 0,37032652363177077000 -0,43550843977750330000 0,76903235293371820000 -0,69632157794392870000 0,71082583205652370000 0,31490127162675630000 0,86174247718723110000 0,07426959171367664000 -0,93404605064016020000 0,44112481804285730000 -0,87881651301981490000 0,10448835240581955000 0,87131919310882800000 -0,19982165454908785000 0,06849471339517232000 0,59568592820320680000 0,75217158231577330000 0,42165432566312090000 0,76187491521399450000 -0,77242772188009370000 -0,28140435870625800000 -0,42890593954866430000 -0,44088317715934020000 0,18749772002946140000 ]
[ 0,07554078562996880000 0,85670450973550790000 0,39322777691478740000 0,57477426226796950000 -0,18540304665205243000 0,18587732281931180000 -0,22957349912373037000 -0,06330998571335411000 0,96731220031254920000 -0,76851709339825240000 -0,68105437899354730000 0,70263500312456070000 -0,57475990779255380000 -0,26607150969148075000 -0,35128865706016100000 0,10502214819831446000 -0,93020353453080950000 -0,55651555418115800000 -0,47388887924423150000 0,81045369860047670000 0,70539353268855010000 0,79839908622819530000 -0,07529819692069250000 -0,06815207408581414000 0,25221230160496044000 0,53783727296695340000 -0,61814920455256360000 0,35200722539390994000 0,93036295002976430000 0,36469446994903243000 -0,72705658489990330000 0,36137438662767885000 ]
[ 0,75507487063980000000 -0,49814726055298064000 -0,89106943488517400000 -0,50251105049270950000 -0,43705230147263596000 -0,47353835168013125000 0,76963116574427830000 0,17092151418765300000 -0,99781376897605440000 0,22034183679842045000 0,70434440561220320000 0,17222987965645586000 0,44513127328508184000 0,34062519470419850000 0,56296802269168930000 0,47674524582841250000 -0,38070864708011200000 -0,80673898383131240000 -0,53504150202591890000 -0,10123571349707605000 0,90346806147922210000 -0,31696676348285460000 -0,82988935909729800000 -0,90601346747719110000 0,69846131812407000000 -0,88275076166809900000 0,78427386950436520000 -0,83119688981648410000 0,05722884600271838000 0,45627652267540975000 0,31476414578467440000 0,72730915130921050000 ]
[ -0,15273323263643435000 -0,06738055179249236000 0,38436945860493800000 -0,42832371930969760000 -0,88163231918616660000 -0,99875721483942750000 0,71948935942849700000 -0,53121185707134000000 -0,93819628862073710000 -0,56263354661334010000 0,64708834746661310000 0,40580797392969803000 0,97237243694024640000 0,06396882496298040000 0,76678372764733040000 0,57961173903576380000 0,96263442570408730000 0,06975411749573990000 0,20852979498667734000 -0,00021355044568238668 0,82906165336538920000 -0,83064682264347530000 0,44299986540691340000 -0,96784031950024230000 -0,56729390310925230000 0,96104380320068720000 0,48090938190227983000 0,46959057114662770000 0,23239030467215960000 0,75329135463786720000 -0,52083700671930020000 0,78901934564665570000 ]
[ 0,19630918013832677000 0,85992722900153610000 -0,73415026340888790000 -0,86146309507665690000 -0,78167325285815580000 0,90479680440248590000 -0,89724933902144220000 -0,70449653087256610000 -0,62186155100342310000 0,03022595774284386700 0,12316449625534576000 0,34650840975483720000 -0,09013658952010650000 0,06966926856670752000 -0,68550344787706520000 0,16223112358290215000 0,58151915903324650000 -0,27658043659767670000 0,65919792723678760000 -0,12497199627909072000 -0,66177604119761570000 -0,43272615487912300000 0,10428151300147981000 -0,48566555161081060000 -0,47513930480431690000 0,32756596068206556000 -0,60121724512890930000 0,71473961442141950000 -0,22067100368351422000 0,27199281035185563000 -0,47982635582648900000 -0,01614587614216200800 ]
[ -0,22459986034679713000 -0,20582460737829810000 -0,59512153728379060000 -0,59814138754485110000 -0,60541673515381530000 0,31091274356078190000 0,00468088078138295700 0,82188585165702040000 -0,38070143801485234000 0,44460133724046870000 -0,69004689669874610000 0,65015463761674490000 0,46504663215400810000 -0,87069052604971840000 0,91227722989188660000 -0,89295994993367240000 0,60715218537905400000 0,75751020095656200000 0,92317044809726020000 0,50502914935878420000 -0,99194888214458340000 -0,22450650398481353000 -0,37773350694991150000 -0,47322212580216916000 0,81398124560501860000 -0,76100707431971280000 -0,92255461525442200000 0,74625012992352930000 0,06532698603350817000 -0,24342185040646336000 0,16104522351603180000 0,70818533766219140000 ]
[ 0,35275883054113466000 -0,02311954816479988600 -0,11956994020235290000 -0,23409329617491892000 -0,54829992315509890000 -0,68326680398923980000 0,74782759897728910000 0,57474863091135990000 -0,81945785551294550000 -0,01917396990670616800 0,03349321306586872000 -0,35185433004716680000 -0,74657723452550040000 0,48948619078193456000 0,17789462976004700000 -0,29430697631575310000 -0,26373099341880680000 0,90971633897958880000 0,38275503792656806000 -0,32274697709868705000 0,86520136147994810000 0,77563426940386160000 -0,54256954216248140000 0,17444744840910742000 -0,55071828536575600000 0,28797447563798650000 -0,63375979261014990000 -0,99935734648758820000 -0,14501764821536334000 -0,20167129800162154000 -0,39599214626602650000 -0,15720220726104660000 ]
[ 0,65764109859568240000 -0,18768326778974131000 0,52121186221334280000 -0,32668530571252010000 -0,55444031058754910000 -0,21310500274859057000 -0,97321416946403770000 0,58729104277721840000 -0,02470706033058656000 0,85052650824209850000 0,71574811308986090000 -0,18965383840871497000 -0,09793391743390134000 -0,75904949092217410000 0,40048155661482520000 -0,56554700775439540000 -0,35285031639663433000 -0,26619339898414920000 0,26862511978468717000 -0,92602380360746150000 -0,38558940954966790000 -0,37361721160737950000 -0,55282076704767590000 0,08138179326178730000 -0,06885059934823090000 -0,05572619463086781000 0,62156750949096270000 -0,77815119121727400000 0,16372472048267706000 -0,54524950069199040000 0,54003828058626050000 0,77828028749632370000 ]
[ 0,04635499524072695000 0,79915713940476540000 -0,27207017525015040000 0,94297502568659740000 0,16188027206614475000 0,59766976960793870000 0,54296360837604560000 -0,95051121757116670000 -0,27384421825140604000 0,73326277828505250000 -0,17812879138340576000 0,70797742151185590000 -0,84685945957875150000 0,18774846537186374000 0,80030017249463840000 0,22958197143201864000 -0,08436564507404110000 -0,21873172088548842000 0,73208563161116810000 -0,13982042809866613000 -0,63299197865632700000 -0,04236914273207404000 -0,30938550646131780000 -0,70890876973008350000 -0,34783929254602297000 0,36140812112165444000 0,40415015125667053000 0,67410214373649400000 -0,38866903945817820000 -0,63128523394395870000 0,65862556618068240000 -0,05958423477846941400 ]
[ 0,66827665727629840000 -0,03788636411774826000 0,79555414949410410000 0,60792948775888900000 0,09473103905439540000 -0,61889543620814110000 -0,86065230685540220000 -0,54151551383382920000 -0,24406756710479027000 -0,16683069290881836000 -0,19252851256625347000 0,47650786581313254000 -0,53258511887106350000 0,21636177554539770000 0,28850778273681990000 0,26273173711493870000 -0,56886108859909030000 0,28294814209627270000 0,41733841842359487000 0,77143862773504980000 -0,13056816002573002000 0,96461601737538700000 -0,06670055200118252000 -0,33305152559737760000 -0,06190334293004107000 -0,31671087711863577000 0,67629960122646330000 0,85482855767332660000 0,27544082227357600000 -0,61240125446998330000 -0,34246338937380805000 -0,18442766205117290000 ]
[ 0,13186565763318048000 0,78357799329935900000 0,73558489037343540000 0,25326009392071970000 0,92504802572574030000 0,76916259731860740000 -0,56473088836680320000 0,26897857833163320000 -0,72136287043353620000 0,43559529921331940000 -0,43412079921823254000 -0,22145640266033917000 0,12777860382145856000 -0,83515169311341150000 -0,27307766844711345000 0,21633437611177575000 0,31267058915017730000 -0,66930686793851570000 0,53374807900146220000 0,70181438735947820000 -0,76825522712832800000 0,90206219985571060000 -0,54797567947024820000 -0,20742075369246615000 -0,41104147077388253000 0,85086382195200040000 -0,50081867711790860000 0,70753706335677680000 0,04507249632629806000 0,68242620535839490000 0,75258191955436280000 0,47609381113858773000 ]
[ 0,67068084041525600000 0,63526231392530490000 -0,40168249445849336000 -0,14602045272586106000 -0,50085036607013360000 -0,86213629764746600000 -0,03883120794840722000 -0,95638026175284390000 0,19051207668443170000 0,96374560760041180000 -0,62458853769404880000 0,26671917157358950000 0,84275758644389390000 -0,80801714437641590000 0,68778817327528660000 0,05899293379957804000 0,32484365932176740000 0,55899074052329210000 -0,57189256740955850000 -0,20825605126543767000 -0,84385018477907360000 -0,92167967377341340000 -0,56042777145917260000 0,37225283238013485000 0,91998347845902840000 0,90875497855566370000 -0,76991950346578330000 0,33471043742198380000 -0,52586167141306930000 0,36700803995508190000 0,68738102146355960000 -0,39430987359998170000 ]
[ 0,80939577596224010000 0,70983973832586680000 0,29510865563341815000 0,11292186307484742000 0,30725221467153530000 -0,14857489117198863000 0,79336326635658480000 -0,89660444658418030000 0,36104336649743660000 0,53532117492324270000 0,34663791406373280000 -0,45341186844168570000 -0,14997046383977541000 0,64639763388505170000 0,71354155303150350000 0,32087200957464310000 -0,20610496411063184000 0,32660977942155367000 -0,34309673872187063000 -0,98406903850395850000 0,66550569803250690000 0,34950903562444460000 -0,11051549872231803000 0,13127283109763344000 0,30266030769049500000 0,81190190451170330000 -0,78033240035196650000 -0,78930438998700430000 -0,86503969588526400000 0,61708302942615470000 0,24312830974620137000 -0,97517177110304100000 ]
[ -0,47018544881145785000 0,45258504128865495000 0,92064159223887730000 -0,70136697154693400000 0,46198586683134857000 -0,99359809280442040000 -0,31118979878245456000 0,67802323977868580000 -0,57602372095676340000 0,01915978037396404000 0,36964628077327677000 0,63951366948199410000 0,51993974523326300000 0,43572303233219256000 -0,92342366671267940000 -0,13091149122567725000 -0,97630025810904500000 -0,60175890001730850000 -0,44141817859820300000 0,27123643941322340000 0,33184263098372190000 0,11365518107821293000 0,98082654233861000000 0,21636763858251018000 -0,79425516797932970000 -0,26779905445936490000 -0,99073591597356400000 0,89459462811479870000 -0,52821416345116720000 0,28945824829929710000 -0,75164146546126380000 -0,28387747502824290000 ]
[ 0,93688723954715950000 0,49301508618735390000 -0,42480796933689200000 0,58326166958498700000 -0,82309014409309960000 -0,32417215355578066000 0,71987408544413660000 0,55634007139899170000 -0,93166881389076030000 -0,40812347430469376000 0,56130808052425760000 -0,05444088310229000500 0,45901655633193283000 0,89572806241578950000 -0,96099042117094460000 0,18310204442153855000 0,21178685995513358000 -0,87386197899309550000 -0,67418539917470020000 0,96456922266946690000 -0,99512212610322880000 -0,19516551775473290000 0,96295331221131210000 -0,90391881996477410000 -0,26372430299340510000 -0,13485379056277869000 0,02810791143215474200 0,24315500048715720000 -0,84569670325458590000 -0,95885007126134770000 0,08871245103381198000 -0,65027438455938170000 ]
[ -0,57527435333494470000 0,07652985304067106000 -0,31310647650114220000 -0,11955030348751760000 -0,25497163196994200000 0,65335584155097930000 -0,59090813474003800000 0,23669423482943808000 -0,17058107379850450000 0,79450462668359160000 0,21254422372993131000 -0,29362111057095475000 -0,88651277728067600000 -0,84053871707900510000 0,61244717899869450000 0,13010579345471650000 -0,13464519517534979000 0,13175706262918063000 -0,42223618455433410000 -0,89922319477888310000 -0,95946850551868360000 0,88731218559796220000 0,54027505667880500000 -0,03883650039410091500 0,68058993617041370000 -0,26352990692212686000 -0,20938069472326860000 -0,87633956252077640000 -0,06884230212284281000 -0,05147608602225806000 -0,28329752475697756000 0,30871882772328485000 ]
]
hidden3,sigmoid:
[
[ -0,65738120479178440000 0,99605263955683830000 -0,16599656230456383000 0,18322271699481352000 0,01730609262088922400 -0,30260133280487890000 0,36393840821286516000 0,57733530349986720000 ]
[ 0,37985663399910520000 -0,91086411568321730000 0,23559055992514333000 0,96810872367050390000 -0,12720655193422048000 -0,97360898129303860000 -0,18225052262038943000 -0,75958308662653670000 ]
[ -0,28271277082074864000 -0,51260143167839670000 0,43234809196419910000 0,87053581197914800000 0,02944177589976404400 -0,65031629774157800000 -0,24297713613802240000 0,62496138751888440000 ]
[ 0,04533868496978655000 0,00878402549488988000 0,59366621173684920000 0,62682150888776470000 -0,01653379083071993000 0,62643635762154550000 0,16147831740791552000 0,21450284483025994000 ]
[ -0,83895119537252350000 0,02367095508210948000 0,06716813441562741000 0,40188096445040220000 -0,61881609810086440000 -0,72473051989109140000 -0,58840757842935520000 0,94680492817177560000 ]
[ -0,67941678036865840000 0,91556146135633520000 -0,88873638917114860000 -0,95574339300807100000 0,67310684430559850000 -0,66845360844024300000 0,44479690893285960000 -0,51713264623498390000 ]
[ 0,14216846007196615000 0,39784736414855980000 -0,92149190149648090000 0,73824254304603600000 -0,97451907019364860000 0,69901522348158580000 -0,61798571168262820000 -0,07619104495671070000 ]
[ 0,09850263399797576000 -0,21178104981961954000 0,71383006634446770000 -0,22033380994332474000 -0,22166608449524317000 0,84737437079451520000 -0,46140749634770840000 0,95218858021919230000 ]
[ 0,13770621211080702000 -0,15772296543035358000 0,73168890140124330000 0,70188960750041370000 0,23909435903233490000 0,80732261709988040000 0,23370175231857915000 0,87432735602947710000 ]
[ -0,52812484657142460000 -0,75208769122823640000 -0,66377383815438500000 -0,52140679184598220000 -0,89915521562549050000 0,81465758363548060000 0,31225558497941464000 -0,45980559293962764000 ]
[ 0,07229921103687098000 0,38201327646091830000 -0,15152778752249652000 0,02990385322875410700 -0,72572915336086140000 -0,54501577562045230000 0,79341904219018920000 0,61741830632103630000 ]
[ 0,91040775785541840000 -0,56893388713601520000 0,10467138921360442000 0,75843059424101060000 0,42236931625921280000 0,66059649792523720000 -0,44023379689169450000 0,19598728524145903000 ]
[ -0,51649425197899010000 0,47720850901059910000 -0,21021243503628773000 0,34176975241633256000 -0,01302258745154527600 -0,58890601670881140000 -0,49885067954369644000 0,20020025524506724000 ]
[ 0,66436184089126680000 -0,34869998315170190000 0,37025280141302510000 0,50804264319996560000 -0,00381409523014575300 -0,51070320619262980000 0,02734297503994609400 -0,41556873325900370000 ]
[ -0,58628784736417730000 -0,04542819394760289000 0,79002198729555270000 0,02102759196751691200 -0,55830147446296880000 -0,85597963747333420000 0,36352454480626670000 0,78927024744782950000 ]
[ 0,39474102166955416000 -0,14958247108436650000 0,59399544732234140000 0,60144941439837240000 0,51520012960962380000 -0,98872641258813520000 -0,45734547394865330000 -0,56539823327474200000 ]
[ 0,02860199957471154500 -0,77211106569584680000 0,64287199021595720000 0,01098867815773818500 -0,50720390180088960000 -0,85455807535032300000 0,50881846369881800000 -0,27381490004086630000 ]
[ -0,96995839884401300000 0,83845731611725770000 0,08349576582293250000 0,02557298057678747400 -0,44341423542703295000 0,51201857561472420000 0,24559344711357078000 0,55229774200772310000 ]
[ -0,03781227112564833300 -0,19239519023348461000 0,73875804374995240000 -0,47548677047096490000 -0,65756816046706760000 0,79344575816648330000 0,34350153931927660000 -0,25299526521619997000 ]
[ 0,84956579704201210000 0,32280675622210975000 0,58111762622219020000 -0,57795324013893160000 -0,49701134274123904000 0,85962919290097320000 0,92061257454355980000 0,49661653912567316000 ]
[ 0,38840499256496575000 -0,90053146380558390000 0,45380173776646740000 0,66785067490711070000 0,07505200985478133000 0,75468772053434870000 -0,68964120373244290000 0,36589806935152770000 ]
[ 0,79329690785396000000 -0,27362138446067785000 0,70375025505145920000 -0,95691303767652090000 -0,05970754768251174000 0,55150068930188210000 -0,56937591637191540000 -0,07940913930904991000 ]
[ 0,81926941482400960000 0,49224104054251216000 0,89036531320271940000 0,97854255025499960000 0,16843501017425155000 -0,07438409228199938000 0,24816989562244274000 0,42281159893563314000 ]
[ -0,00166235692575456000 0,79484937749096860000 0,23412937544215895000 -0,87857335716901710000 -0,46805236655262705000 0,80008033964486440000 0,25246075546988590000 0,57588869938106100000 ]
[ -0,37040424926788296000 -0,26553515655140814000 0,96915375766627190000 0,87738771124127870000 0,98130101626919000000 -0,08724382689761790000 -0,64704828249582640000 0,79520032831394550000 ]
[ 0,56191032287359980000 0,99296084616161060000 -0,73627967771628740000 -0,34568750570882380000 0,36986223011057960000 0,65768454407527370000 0,11390005780593881000 -0,01842452038858910500 ]
[ 0,30827963734639120000 0,60029684392345680000 0,87287912268805900000 -0,96552973614582330000 -0,78251552297581780000 0,05206015769768957000 0,74076385446671100000 0,27382121658463210000 ]
[ 0,53091997563445760000 0,68988372842361590000 -0,81283619628446410000 0,60156371074360710000 -0,19814421660627346000 -0,81962191030680430000 0,73225039904790880000 -0,24306142919856533000 ]
[ 0,43614201159685484000 0,84440317947412760000 -0,15851205820511582000 0,64924990013719590000 -0,63333107431038640000 -0,03268370642730733500 0,61207598753954430000 -0,39741093936884850000 ]
[ 0,11807990113182454000 -0,86635604540252740000 0,54828435365656760000 -0,50230643895358830000 0,73567518520472300000 -0,36908399456108376000 -0,34549965469365750000 0,61837484278688360000 ]
[ 0,39033546484915660000 -0,55408325719434680000 -0,68104957680194890000 -0,35528537585491480000 -0,87831567242127150000 0,66762242451067080000 0,01769814329685037700 0,68249504075374840000 ]
[ 0,14459953545885162000 0,21461142472271155000 0,73766104323867100000 -0,52190637154521720000 -0,58042655121162890000 0,72074814433751030000 0,19902968281150413000 -0,95965988401114770000 ]
]
output,linear:
[
[ 0,77531383053455950000 ]
[ 0,14145739980501748000 ]
[ 0,45161277310379110000 ]
[ -0,22440375935080437000 ]
[ 0,77236697910384480000 ]
[ -0,81607803386224440000 ]
[ -0,77372654057503020000 ]
[ -0,06041232485224701000 ]
]
